1 worker:
c=2					c=1
12.590227127075195	15.62056303024292
12.593717098236084	15.502228021621704
12.48695707321167	14.195290803909302
12.082858085632324	14.039227962493896
12.081568002700806	15.692188024520874

2 workers:
12.638857126235962	15.909783124923706
12.030709981918335	16.2587890625
12.572750806808472	13.936732053756714
12.448843002319336	15.050623893737793
12.708169221878052	14.260476112365723

3 workers:
16.641921043395996	14.993009090423584
16.98237419128418	15.932015895843506
16.38243818283081	15.503580093383789
16.610939025878906	16.515191078186035
15.140813112258911	17.615185022354126

4 workers:
14.316780090332031	15.311745882034302
13.453778982162476	15.694053173065186
13.625749826431274	18.245362997055054
15.833910942077637	18.676779985427856
13.872066020965576	16.563836097717285

5 workers:
18.508996963500977	17.38523578643799
19.371376991271973	
18.272863149642944	
17.163760900497437
21.56837821006775

6 workers:
19.425624132156372
26.394804000854492




8 workers:
